UACE      NAME                                                                   POP            HU           AREALAND  AREALANDSQMI          AREAWATER AREAWATERSQMI        POPDEN  LSADC     
00199     Aberdeen--Bel Air South--Bel Air North, MD                          213751         83721          339626464        131.13            9825290          3.79        1630.1     75     
00280     Abilene, TX                                                         110421         46732          141756054         54.73             988193          0.38        2017.5     75     
00631     Aguadilla--Isabela--San Sebastián, PR                               306196        138431          619716445        239.27             902076          0.35        1279.7     75     
00766     Akron, OH                                                           569499        257659          842722918        325.38           17432485          6.73        1750.3     75     
00901     Albany, GA                                                           95779         40430          183486824         70.84            2789526          1.08        1352.0     75     
00955     Albany, OR                                                           56997         23542           62063265         23.96             299239          0.12        2378.6     75     
00970     Albany--Schenectady, NY                                             594962        266370          765942841        295.73           16280778          6.29        2011.8     75     
01171     Albuquerque, NM                                                     741318        314851          648969769        250.57            8921074          3.44        2958.5     75     
01279     Alexandria, LA                                                       82804         33935          169751977         65.54             906725          0.35        1263.4     75     
01495     Allentown, PA--NJ                                                   664651        271233          896890519        346.29           10525918          4.06        1919.3     75     
01765     Alton, IL--MO                                                        83890         38237          141949966         54.81            2023228          0.78        1530.6     75     
01792     Altoona, PA                                                          79930         35760           96848806         37.39             168678          0.07        2137.5     75     
01927     Amarillo, TX                                                        196651         80744          210246929         81.18            1570175          0.61        2422.5     75     
02062     Ames, IA                                                             60438         24470           60165324         23.23             164176          0.06        2601.7     75     
02305     Anchorage, AK                                                       251243         97417          220101413         84.98            2656777          1.03        2956.4     75     
02386     Anderson, IN                                                         88133         40670          171100448         66.06             753595          0.29        1334.1     75     
02413     Anderson, SC                                                         75702         34650          191880867         74.09            3293922          1.27        1021.8     75     
02602     Ann Arbor, MI                                                       306022        133978          413286601        159.57           13598091          5.25        1917.8     75     
02629     Anniston--Oxford, AL                                                 79796         36090          224731051         86.77            1386620          0.54         919.6     75     
02683     Antioch, CA                                                         277634         93809          210723258         81.36             888824          0.34        3412.4     75     
02764     Appleton, WI                                                        216154         92157          268776675        103.78           10806541          4.17        2082.9     75     
03034     Arecibo, PR                                                         139171         60653          217740151         84.07            1592521          0.61        1655.4     75     
03196     Arroyo Grande--Grover Beach, CA                                      52000         25398           59618233         23.02             235105          0.09        2259.0     75     
03358     Asheville, NC                                                       280648        136493          686027223        264.88            6297443          2.43        1059.5     75     
03763     Athens-Clarke County, GA                                            128754         55512          254841198         98.39            2581091          1.00        1308.5     75     
03817     Atlanta, GA                                                        4515419       1861932         6851428985       2645.35           93515029         36.11        1706.9     75     
03898     Atlantic City, NJ                                                   248402        147060          324104023        125.14           11556708          4.46        1985.0     75     
04033     Auburn, AL                                                           74741         34604          129261694         49.91             909436          0.35        1497.6     75     
04222     Augusta-Richmond County, GA--SC                                     386787        165167          672162059        259.52            6897123          2.66        1490.4     75     
04384     Austin, TX                                                         1362416        566966         1354651025        523.03           11941592          4.61        2604.8     75     
04549     Avondale--Goodyear, AZ                                              197041         73521          227705132         87.92             346232          0.13        2241.2     75     
04681     Bakersfield, CA                                                     523994        178519          358555119        138.44            2246386          0.87        3785.0     75     
04843     Baltimore, MD                                                      2203663        939420         1857113332        717.04           65619042         25.34        3073.3     75     
04951     Bangor, ME                                                           61210         27142          110091842         42.51            3704605          1.43        1440.0     75     
05167     Barnstable Town, MA                                                 246695        162112          718092279        277.26           58453185         22.57         889.8     75     
05680     Baton Rouge, LA                                                     594309        246028          949993185        366.79           11742933          4.53        1620.3     75     
05707     Battle Creek, MI                                                     78393         36200          137324107         53.02            3535368          1.37        1478.5     75     
05869     Bay City, MI                                                         70585         32513          104448520         40.33            4168481          1.61        1750.3     75     
06058     Beaumont, TX                                                        147922         63365          237456087         91.68            2870184          1.11        1613.4     75     
06139     Beckley, WV                                                          64022         29519          157912915         60.97             727366          0.28        1050.0     75     
06652     Bellingham, WA                                                      114473         50696          124634344         48.12            9111493          3.52        2378.8     75     
06760     Beloit, WI--IL                                                       63835         26314           88964592         34.35            2353525          0.91        1858.4     75     
06868     Bend, OR                                                             83794         38921          102853427         39.71             562028          0.22        2110.0     75     
07138     Benton Harbor--St. Joseph--Fair Plain, MI                            61022         28006          120880351         46.67            2570973          0.99        1307.5     75     
07705     Billings, MT                                                        114773         50475          137178563         52.96             486418          0.19        2167.0     75     
07732     Binghamton, NY--PA                                                  158084         71772          192026242         74.14            9043142          3.49        2132.2     75     
07786     Birmingham, AL                                                      749495        337693         1372424115        529.90           10441184          4.03        1414.4     75     
07921     Bismarck, ND                                                         81955         37317          100381571         38.76            1801380          0.70        2114.6     75     
08002     Blacksburg, VA                                                       88542         35430          132632697         51.21             571606          0.22        1729.0     75     
08380     Bloomington, IN                                                     108657         45637          116026934         44.80              51757          0.02        2425.5     75     
08407     Bloomington--Normal, IL                                             132600         54479          127410911         49.19             191841          0.07        2695.5     75     
08434     Bloomsburg--Berwick, PA                                              53618         23149           84652608         32.68            3134384          1.21        1640.5     75     
08785     Boise City, ID                                                      349684        146177          346614209        133.83            4186091          1.62        2612.9     75     
08974     Bonita Springs, FL                                                  310298        209911          484223262        186.96           37054774         14.31        1659.7     75     
09271     Boston, MA--NH--RI                                                 4181019       1719241         4852227548       1873.46          201870511         77.94        2231.7     75     
09298     Boulder, CO                                                         114591         51299           84139802         32.49             706602          0.27        3527.3     75     
09379     Bowling Green, KY                                                    78306         32586          117592884         45.40             637255          0.25        1724.7     75     
09946     Bremerton, WA                                                       198979         85027          353498946        136.49           81974047         31.65        1457.9     75     
10162     Bridgeport--Stamford, CT--NY                                        923311        367499         1207483169        466.21           30692755         11.85        1980.5     75     
10351     Bristol--Bristol, TN--VA                                             69501         32924          165471259         63.89             272910          0.11        1087.8     75     
10972     Brownsville, TX                                                     217585         66404          211157541         81.53            8647684          3.34        2668.8     75     
11026     Brunswick, GA                                                        51024         22277          112357237         43.38            2074205          0.80        1176.2     75     
11350     Buffalo, NY                                                         935906        436020          984015238        379.93           14396370          5.56        2463.4     75     
11728     Burlington, NC                                                      119911         53132          234209025         90.43            2059334          0.80        1326.0     75     
11755     Burlington, VT                                                      108740         45774          159947183         61.76            2727737          1.05        1760.8     75     
12754     Camarillo, CA                                                        71772         28232           56968456         22.00              39631          0.02        3263.0     75     
13375     Canton, OH                                                          279245        125638          431099392        166.45            3042433          1.17        1677.7     75     
13510     Cape Coral, FL                                                      530290        307598          855498753        330.31          106856311         41.26        1605.4     75     
13537     Cape Girardeau, MO--IL                                               52900         23192           90729812         35.03             171318          0.07        1510.1     75     
13591     Carbondale, IL                                                       67821         32286          126068034         48.68            2590552          1.00        1393.3     75     
14158     Carson City, NV                                                      58079         24622           59794073         23.09             156254          0.06        2515.7     75     
14185     Cartersville, GA                                                     52477         20826          131056548         50.60             294694          0.11        1037.1     75     
14401     Casa Grande, AZ                                                      51331         23555           57668369         22.27                  0          0.00        2305.4     75     
14482     Casper, WY                                                           64548         28679           78586197         30.34             497830          0.19        2127.3     75     
14752     Cedar Rapids, IA                                                    177844         79099          216136838         83.45            1975562          0.76        2131.1     75     
15184     Chambersburg, PA                                                     50887         22244           96785729         37.37              46082          0.02        1361.7     75     
15211     Champaign, IL                                                       145361         63984          121467169         46.90             376241          0.15        3099.5     75     
15481     Charleston, WV                                                      153199         74528          254369516         98.21           18676559          7.21        1559.9     75     
15508     Charleston--North Charleston, SC                                    548404        242594          759769589        293.35           29158991         11.26        1869.5     75     
15670     Charlotte, NC--SC                                                  1249442        526435         1920454942        741.49           91632984         35.38        1685.0     75     
15724     Charlottesville, VA                                                  92359         39419           89501576         34.56             841379          0.32        2672.7     75     
15832     Chattanooga, TN--GA                                                 381112        170310          777338402        300.13           19872540          7.67        1269.8     75     
16237     Cheyenne, WY                                                         73588         33018           90991601         35.13             282336          0.11        2094.6     75     
16264     Chicago, IL--IN                                                    8608208       3459257         6326686332       2442.75          105649916         40.79        3524.0     75     
16318     Chico, CA                                                            98176         42052           89120274         34.41             137474          0.05        2853.2     75     
16885     Cincinnati, OH--KY--IN                                             1624827        711373         2040237609        787.74           24751630          9.56        2062.6     75     
17317     Clarksville, TN--KY                                                 158655         62218          283776315        109.57             490643          0.19        1448.0     75     
17668     Cleveland, OH                                                      1780673        832988         1999397942        771.97           16799439          6.49        2306.7     75     
17722     Cleveland, TN                                                        66777         28182          141410470         54.60             119768          0.05        1223.0     75     
18451     Coeur d'Alene, ID                                                    98378         42666          122348737         47.24            1670690          0.65        2082.6     75     
18748     College Station--Bryan, TX                                          171345         68363          184986507         71.42             343541          0.13        2399.0     75     
18856     Colorado Springs, CO                                                559409        229712          486493260        187.84             985540          0.38        2978.2     75     
18937     Columbia, MO                                                        124748         53568          160085068         61.81             672925          0.26        2018.3     75     
18964     Columbia, SC                                                        549777        233477          984258969        380.02           15816560          6.11        1446.7     75     
19099     Columbus, GA--AL                                                    253602        109208          380849589        147.05            3189464          1.23        1724.6     75     
19126     Columbus, IN                                                         54933         24302           70579075         27.25             740617          0.29        2015.8     75     
19234     Columbus, OH                                                       1368035        604025         1322092399        510.46           19182017          7.41        2680.0     75     
19504     Concord, CA                                                         615968        244581          527710827        203.75            1042032          0.40        3023.2     75     
19558     Concord, NC                                                         214881         90164          466730343        180.21            1292028          0.50        1192.4     75     
19755     Conroe--The Woodlands, TX                                           239938         92663          345296754        133.32            2550071          0.98        1799.7     75     
19801     Conway, AR                                                           65277         27398          102818442         39.70            2507413          0.97        1644.3     75     
20287     Corpus Christi, TX                                                  320069        130858          311528754        120.28           12230033          4.72        2661.0     75     
20422     Corvallis, OR                                                        62433         26689           54685518         21.11             210755          0.08        2956.9     75     
21745     Cumberland, MD--WV--PA                                               51899         23143           84511480         32.63             646081          0.25        1590.5     75     
22042     Dallas--Fort Worth--Arlington, TX                                  5121892       2023230         4607936452       1779.13           94098524         36.33        2878.9     75     
22069     Dalton, GA                                                           85239         32927          209331616         80.82             197994          0.08        1054.6     75     
22096     Danbury, CT--NY                                                     168136         65763          340995175        131.66            9935546          3.84        1277.1     75     
22204     Danville, IL                                                         50996         22818           77200813         29.81            2020818          0.78        1710.9     75     
22285     Daphne--Fairhope, AL                                                 57383         26465          143085068         55.25             602069          0.23        1038.7     75     
22366     Davenport, IA--IL                                                   280051        123959          358006564        138.23           21096151          8.15        2026.0     75     
22420     Davis, CA                                                            72794         27614           36561739         14.12              82074          0.03        5156.6     75     
22528     Dayton, OH                                                          724091        335077          910225462        351.44            5239368          2.02        2060.4     75     
22690     Decatur, AL                                                          70436         30468          150964905         58.29            3866832          1.49        1208.4     75     
22717     Decatur, IL                                                          93863         43304          153326154         59.20            7919292          3.06        1585.5     75     
22960     DeKalb, IL                                                           68545         26772           66787373         25.79             690435          0.27        2658.1     75     
22987     Delano, CA                                                           54372         11008           25684847          9.92                  0          0.00        5482.7     75     
23311     Deltona, FL                                                         182169         79045          249828736         96.46            9704973          3.75        1888.6     75     
23500     Denton--Lewisville, TX                                              366174        140280          376021255        145.18            7303045          2.82        2522.2     75     
23527     Denver--Aurora, CO                                                 2374203        997980         1729988718        667.95           35104962         13.55        3554.4     75     
23743     Des Moines, IA                                                      450070        190895          519530161        200.59            4337467          1.67        2243.7     75     
23824     Detroit, MI                                                        3734090       1653116         3463234750       1337.16           91817679         35.45        2792.5     75     
24472     Dothan, AL                                                           68781         30681          143746685         55.50             308682          0.12        1239.3     75     
24580     Dover, DE                                                           110769         43144          191734980         74.03            2277525          0.88        1496.3     75     
24607     Dover--Rochester, NH--ME                                             88087         36466          172039650         66.42            5526130          2.13        1326.1     75     
24823     Dubuque, IA--IL                                                      67818         29024           87515940         33.79             866956          0.33        2007.0     75     
24850     Duluth, MN--WI                                                      120378         53537          182534779         70.48           22614519          8.73        1708.0     75     
25228     Durham, NC                                                          347602        152577          470711743        181.74            3939825          1.52        1912.6     75     
25849     East Stroudsburg, PA--NJ                                             54316         21836          134939022         52.10            1261147          0.49        1042.5     75     
26038     Eau Claire, WI                                                      102852         44530          178706416         69.00           12338276          4.76        1490.6     75     
26416     El Centro--Calexico, CA                                             107672         33162           77688228         30.00              45516          0.02        3589.6     75     
26750     Elizabethtown--Radcliff, KY                                          73467         30547          147521282         56.96            1312072          0.51        1289.8     75     
26794     Elkhart, IN--MI                                                     143592         58631          237926775         91.86            7546435          2.91        1563.1     75     
27118     Elmira, NY                                                           67983         29507           97898053         37.80            1346394          0.52        1798.6     75     
27253     El Paso, TX--NM                                                     803086        270231          648975307        250.57            3375341          1.30        3205.0     75     
27261     El Paso de Robles (Paso Robles)--Atascadero, CA                      65088         25479           81440798         31.44             754256          0.29        2069.9     75     
27766     Erie, PA                                                            196611         85558          213013051         82.24             364675          0.14        2390.6     75     
28117     Eugene, OR                                                          247421        108056          224689268         86.75             977485          0.38        2852.0     75     
28333     Evansville, IN--KY                                                  229351        104388          307803957        118.84            3209239          1.24        1929.9     75     
28549     Fairbanks, AK                                                        64513         25869          142765014         55.12            4392468          1.70        1170.4     75     
28657     Fairfield, CA                                                       133683         46751          102208547         39.46             339058          0.13        3387.6     75     
28981     Fajardo, PR                                                          85225         43282          131562223         50.80             354753          0.14        1677.8     75     
29089     Fargo, ND--MN                                                       176676         78728          181992071         70.27              69368          0.03        2514.3     75     
29278     Farmington, NM                                                       53049         20250           90362046         34.89             588609          0.23        1520.5     75     
29440     Fayetteville, NC                                                    310282        131234          512897004        198.03            5876438          2.27        1566.8     75     
29494     Fayetteville--Springdale--Rogers, AR--MO                            295083        125257          486227209        187.73            6398157          2.47        1571.8     75     
29818     Flagstaff, AZ                                                        71957         28672           90199563         34.83              14636          0.01        2066.2     75     
29872     Flint, MI                                                           356218        164933          610985440        235.90           18744100          7.24        1510.0     75     
29953     Florence, AL                                                         77074         37040          160947434         62.14            2038053          0.79        1240.3     75     
30061     Florence, SC                                                         89557         39135          184022610         71.05            1356520          0.52        1260.5     75     
30115     Florida--Imbéry--Barceloneta, PR                                     71747         30256          118646836         45.81              59062          0.02        1566.2     75     
30223     Fond du Lac, WI                                                      54901         24309           74721485         28.85             831262          0.32        1903.0     75     
30628     Fort Collins, CO                                                    264465        110523          284024540        109.66           14723568          5.68        2411.6     75     
30925     Fort Smith, AR--OK                                                  122947         53063          183291657         70.77            2558528          0.99        1737.3     75     
31060     Fort Walton Beach--Navarre--Wright, FL                              191917        109009          312113191        120.51           26370028         10.18        1592.6     75     
31087     Fort Wayne, IN                                                      313492        136775          445815649        172.13            1086437          0.42        1821.2     75     
31519     Frederick, MD                                                       141576         56122          190090706         73.39            1299911          0.50        1929.0     75     
31600     Fredericksburg, VA                                                  141238         52950          201524230         77.81            2084270          0.80        1815.2     75     
31843     Fresno, CA                                                          654628        229285          443623746        171.28             565416          0.22        3821.9     75     
32113     Gadsden, AL                                                          64172         29951          186576743         72.04            7245625          2.80         890.8     75     
32167     Gainesville, FL                                                     187781         85930          225430522         87.04            3841294          1.48        2157.4     75     
32194     Gainesville, GA                                                     130846         49063          327037233        126.27            7858401          3.03        1036.2     75     
32653     Gastonia, NC--SC                                                    169495         73115          359056401        138.63            2093517          0.81        1222.6     75     
33328     Gilroy--Morgan Hill, CA                                              98413         31353          117688246         45.44               3754          0.00        2165.8     75     
33598     Glens Falls, NY                                                      65443         29640          107616708         41.55            2183350          0.84        1575.0     75     
33814     Goldsboro, NC                                                        61054         27061          137046994         52.91             416810          0.16        1153.8     75     
34219     Grand Forks, ND--MN                                                  61270         27032           63309483         24.44             175580          0.07        2506.6     75     
34246     Grand Island, NE                                                     50440         20091           72855426         28.13             515261          0.20        1793.1     75     
34273     Grand Junction, CO                                                  128124         54388          204086143         78.80            2214614          0.86        1626.0     75     
34300     Grand Rapids, MI                                                    569935        232212          726682274        280.57           14869078          5.74        2031.3     75     
34516     Grants Pass, OR                                                      50520         23257           70435849         27.20             742626          0.29        1857.7     75     
34759     Great Falls, MT                                                      65207         29435           80586072         31.11            1753393          0.68        2095.7     75     
34786     Greeley, CO                                                         117825         45555          106792744         41.23             433064          0.17        2857.5     75     
34813     Green Bay, WI                                                       206520         88146          271964922        105.01            6967829          2.69        1966.7     75     
35164     Greensboro, NC                                                      311810        140442          479692010        185.21           10951200          4.23        1683.5     75     
35380     Greenville, NC                                                      117798         53845          168861167         65.20            1254428          0.48        1806.8     75     
35461     Greenville, SC                                                      400492        175798          829432086        320.25            6911588          2.67        1250.6     75     
35866     Guayama, PR                                                          80155         35613          105492947         40.73            8101142          3.13        1967.9     75     
35920     Gulfport, MS                                                        208948         97318          426115307        164.52           31637032         12.22        1270.0     75     
36190     Hagerstown, MD--WV--PA                                              182696         77100          345324863        133.33             505304          0.20        1370.2     75     
36514     Hammond, LA                                                          67629         27712          198479707         76.63             756312          0.29         882.5     75     
36703     Hanford, CA                                                          87941         30114           71854752         27.74                  0          0.00        3169.8     75     
36784     Hanover, PA                                                          66301         27104           93488433         36.10             687003          0.27        1836.8     75     
36892     Harlingen, TX                                                       135663         49476          214319825         82.75            2433941          0.94        1639.4     75     
37081     Harrisburg, PA                                                      444474        196644          672575052        259.68           21913290          8.46        1711.6     75     
37162     Harrisonburg, VA                                                     66784         24517           84301359         32.55             283942          0.11        2051.8     75     
37243     Hartford, CT                                                        924859        388538         1337069590        516.25           23469901          9.06        1791.5     75     
37594     Hattiesburg, MS                                                      80358         35693          178703954         69.00            3729011          1.44        1164.6     75     
37945     Hazleton, PA                                                         56827         25625           80890936         31.23              77531          0.03        1819.5     75     
38215     Hemet, CA                                                           163379         65638          127156829         49.10            1848027          0.71        3327.8     75     
38647     Hickory, NC                                                         212195         93405          677569139        261.61            9643791          3.72         811.1     75     
38809     High Point, NC                                                      166485         73724          292652687        112.99            4640822          1.79        1473.4     75     
39079     Hilton Head Island, SC                                               68998         47033          175137093         67.62            7770964          3.00        1020.4     75     
39133     Hinesville, GA                                                       51456         20957           80658367         31.14             860857          0.33        1652.3     75     
39430     Holland, MI                                                          99941         39678          153443062         59.24            8618276          3.33        1686.9     75     
39758     Homosassa Springs--Beverly Hills--Citrus Springs, FL                 80962         43828          234293607         90.46            6810451          2.63         895.0     75     
40213     Hot Springs, AR                                                      55121         29811          116350853         44.92           10611125          4.10        1227.0     75     
40375     Houma, LA                                                           144875         57106          236809219         91.43            1236507          0.48        1584.5     75     
40429     Houston, TX                                                        4944332       1895670         4299420988       1660.02           88196119         34.05        2978.5     75     
40753     Huntington, WV--KY--OH                                              202637         93828          337578027        130.34           24181376          9.34        1554.7     75     
40780     Huntsville, AL                                                      286692        125102          543269972        209.76            2674874          1.03        1366.8     75     
40996     Idaho Falls, ID                                                      90733         34327          115276968         44.51             563105          0.22        2038.5     75     
41212     Indianapolis, IN                                                   1487483        645769         1827862774        705.74           32092527         12.39        2107.7     75     
41347     Indio--Cathedral City, CA                                           345580        184888          372417690        143.79            4083469          1.58        2403.3     75     
41590     Iowa City, IA                                                       106621         46233          118041717         45.58             900275          0.35        2339.4     75     
41914     Ithaca, NY                                                           53661         20424           63663305         24.58             521993          0.20        2183.1     75     
42157     Jackson, MI                                                          90057         38548          149373065         57.67            4117708          1.59        1561.5     75     
42211     Jackson, MS                                                         351478        147542          628040210        242.49           17188083          6.64        1449.5     75     
42265     Jackson, TN                                                          71880         30554          132458187         51.14             191539          0.07        1405.5     75     
42346     Jacksonville, FL                                                   1065219        467634         1373615003        530.36          199369291         76.98        2008.5     75     
42400     Jacksonville, NC                                                    105419         35093          184759745         71.34            4372220          1.69        1477.8     75     
42562     Janesville, WI                                                       69658         30539           79709496         30.78            1355979          0.52        2263.4     75     
42967     Jefferson City, MO                                                   58533         25396          103570734         39.99             725727          0.28        1463.7     75     
43210     Johnson City, TN                                                    120415         56911          284678082        109.91             902326          0.35        1095.5     75     
43291     Johnstown, PA                                                        69014         34413          100011476         38.61             901003          0.35        1787.2     75     
43345     Jonesboro, AR                                                        65419         27590          121592147         46.95             719819          0.28        1393.5     75     
43399     Joplin, MO                                                           82775         36800          166833924         64.41             534208          0.21        1285.0     75     
43453     Juana Díaz, PR                                                       80928         30995          123816090         47.81            3716231          1.43        1692.9     75     
43615     Kahului, HI                                                          55934         18458           43194012         16.68             126311          0.05        3353.9     75     
43669     Kailua (Honolulu County)--Kaneohe, HI                               113682         36414          101101980         39.04            1405158          0.54        2912.3     75     
43723     Kalamazoo, MI                                                       209703         93137          341059430        131.68           14831576          5.73        1592.5     75     
43885     Kankakee, IL                                                         81926         31958           96247065         37.16            2207474          0.85        2204.6     75     
43912     Kansas City, MO--KS                                                1519417        671028         1755587807        677.84           18295475          7.06        2241.6     75     
44479     Kennewick--Pasco, WA                                                210975         78723          265387682        102.47           18568155          7.17        2059.0     75     
44506     Kenosha, WI--IL                                                     124064         50484          132625178         51.21             342509          0.13        2422.8     75     
44992     Killeen, TX                                                         217630         84291          219653228         84.81             661931          0.26        2566.1     75     
45235     Kingsport, TN--VA                                                   106571         50388          294112172        113.56            3316381          1.28         938.5     75     
45262     Kingston, NY                                                         57442         26331          110947301         42.84            2270646          0.88        1340.9     75     
45451     Kissimmee, FL                                                       314071        132020          409912328        158.27            9643926          3.72        1984.4     75     
45640     Knoxville, TN                                                       558696        252162         1134792603        438.15           10906582          4.21        1275.1     75     
45694     Kokomo, IN                                                           62182         30117           93923829         36.26             271674          0.10        1714.7     75     
45910     La Crosse, WI--MN                                                   100868         43137          132068370         50.99            3526048          1.36        1978.1     75     
45937     Lady Lake--The Villages, FL                                         112991         69820          184069162         71.07            3325821          1.28        1589.9     75     
46018     Lafayette, IN                                                       147725         61305          166040040         64.11             950253          0.37        2304.3     75     
46045     Lafayette, LA                                                       252720        106432          462643367        178.63            1276844          0.49        1414.8     75     
46126     Lafayette--Louisville--Erie, CO                                      79407         31797          102387944         39.53            1617062          0.62        2008.7     75     
46531     Lake Charles, LA                                                    143440         61740          327697961        126.52           11294314          4.36        1133.7     75     
46747     Lake Havasu City, AZ                                                 53427         32835           76512992         29.54              58541          0.02        1808.5     75     
46801     Lake Jackson--Angleton, TX                                           74830         30467          107972064         41.69            3277278          1.27        1795.0     75     
46828     Lakeland, FL                                                        262596        114725          378185289        146.02           17848936          6.89        1798.4     75     
47530     Lancaster, PA                                                       402004        163873          641094177        247.53            7665597          2.96        1624.1     75     
47611     Lancaster--Palmdale, CA                                             341219        109200          299145981        115.50             436563          0.17        2954.3     75     
47719     Lansing, MI                                                         313532        138435          409665051        158.17            8817734          3.40        1982.2     75     
47854     Laredo, TX                                                          235730         68892          170121651         65.68             185163          0.07        3588.8     75     
47935     Las Cruces, NM                                                      128600         54045          167576559         64.70             157977          0.06        1987.6     75     
47995     Las Vegas--Henderson, NV                                           1886011        806755         1079621093        416.84             245987          0.09        4524.5     75     
48232     Lawrence, KS                                                         88053         37692           78847501         30.44             826135          0.32        2892.4     75     
48394     Lawton, OK                                                           94457         39296          114152127         44.07                  0          0.00        2143.1     75     
48664     Lebanon, PA                                                          77086         32291          116748917         45.08             543343          0.21        1710.1     75     
48799     Leesburg--Eustis--Tavares, FL                                       131337         70397          244552738         94.42           25908634         10.00        1391.0     75     
48826     Lee's Summit, MO                                                     85081         34528          107021965         41.32            4217467          1.63        2059.0     75     
49096     Leominster--Fitchburg, MA                                           116960         50827          168447165         65.04            5905576          2.28        1798.3     75     
49312     Lewiston, ID--WA                                                     51924         23142           73092840         28.22            1763329          0.68        1839.9     75     
49339     Lewiston, ME                                                         59397         27675           91680760         35.40            2066610          0.80        1678.0     75     
49582     Lexington-Fayette, KY                                               290263        132513          226721515         87.54            2103349          0.81        3315.9     75     
49594     Lexington Park--California--Chesapeake Ranch Estates, MD             58875         23790          129332370         49.94           11078997          4.28        1179.0     75     
49852     Lima, OH                                                             72852         31812          135576369         52.35            4239529          1.64        1391.7     75     
49933     Lincoln, NE                                                         258719        110643          229135352         88.47            2948709          1.14        2924.4     75     
50392     Little Rock, AR                                                     431388        193618          669022281        258.31            9667471          3.73        1670.0     75     
50527     Livermore, CA                                                        81624         30569           63377833         24.47               6919          0.00        3335.6     75     
50851     Lodi, CA                                                             68738         26201           41207495         15.91             452628          0.17        4320.3     75     
50959     Logan, UT                                                            94983         31130          113776996         43.93             100876          0.04        2162.2     75     
51040     Lompoc, CA                                                           51509         17944           27702409         10.70              72762          0.03        4815.7     75     
51175     Longmont, CO                                                         90897         36783           67928900         26.23            1875015          0.72        3465.7     75     
51256     Longview, TX                                                         98884         40041          215058284         83.03             932830          0.36        1190.9     75     
51283     Longview, WA--OR                                                     63952         27804           85110305         32.86            4205145          1.62        1946.1     75     
51364     Lorain--Elyria, OH                                                  180956         80095          259508283        100.20            3064085          1.18        1806.0     75     
51445     Los Angeles--Long Beach--Anaheim, CA                              12150996       4217448         4496266014       1736.02           61141327         23.61        6999.3     75     
51499     Los Lunas, NM                                                        63758         24932          179384708         69.26            1517272          0.59         920.5     75     
51755     Louisville/Jefferson County, KY--IN                                 972546        431679         1234700540        476.72           30726287         11.86        2040.1     75     
51877     Lubbock, TX                                                         237356         98505          249826818         96.46            2046351          0.79        2460.7     75     
52201     Lynchburg, VA                                                       116636         49361          230013260         88.81            1386135          0.54        1313.3     75     
52390     McAllen, TX                                                         728825        234474          927184088        357.99            2517170          0.97        2035.9     75     
52687     McKinney, TX                                                        170030         61254          191923463         74.10            1798416          0.69        2294.5     75     
52822     Macon, GA                                                           137570         62512          253854243         98.01            2410758          0.93        1403.6     75     
52984     Madera, CA                                                           78413         21437           57994263         22.39                  0          0.00        3501.9     75     
53200     Madison, WI                                                         401661        181348          391086803        151.00           17787113          6.87        2660.0     75     
53740     Manchester, NH                                                      158377         67731          223121681         86.15            4185345          1.62        1838.4     75     
53794     Mandeville--Covington, LA                                            88925         36111          169891915         65.60            1970925          0.76        1355.7     75     
53848     Manhattan, KS                                                        54622         22504           53648246         20.71             373382          0.14        2637.0     75     
53983     Mankato, MN                                                          57584         23612           68306886         26.37             697404          0.27        2183.4     75     
54091     Mansfield, OH                                                        75250         34156          130315995         50.32             273945          0.11        1495.6     75     
54145     Manteca, CA                                                          83578         29056           56548708         21.83             898128          0.35        3828.0     75     
55333     Marysville, WA                                                      145140         55154          211897491         81.81            8458188          3.27        1774.0     75     
55603     Mauldin--Simpsonville, SC                                           120577         47649          216429262         83.56            1361479          0.53        1442.9     75     
55738     Mayagüez, PR                                                        109572         51854          139179299         53.74              87509          0.03        2039.0     75     
55981     Medford, OR                                                         154081         68182          167617526         64.72             655828          0.25        2380.8     75     
56116     Memphis, TN--MS--AR                                                1060061        450685         1288022457        497.31            9782252          3.78        2131.6     75     
56251     Merced, CA                                                          136969         45951          123108189         47.53              22024          0.01        2881.6     75     
56602     Miami, FL                                                          5502379       2443188         3207994271       1238.61          191964476         74.12        4442.4     75     
56656     Michigan City--La Porte, IN--MI                                      66025         31067          100901039         38.96            3634402          1.40        1694.8     75     
56899     Middletown, NY                                                       58381         22762           81106372         31.32             452526          0.17        1864.3     75     
56926     Middletown, OH                                                       97503         43101          145292509         56.10            2315201          0.89        1738.1     75     
56980     Midland, MI                                                          59014         25154          116217257         44.87            3754984          1.45        1315.2     75     
57007     Midland, TX                                                         117807         47059          136955728         52.88             141294          0.05        2227.9     75     
57466     Milwaukee, WI                                                      1376476        597266         1413150250        545.62           49369848         19.06        2522.8     75     
57628     Minneapolis--St. Paul, MN--WI                                      2650890       1110565         2646456610       1021.80          232127029         89.62        2594.3     75     
57709     Mission Viejo--Lake Forest--San Clemente, CA                        583681        229845          389861615        150.53            2392379          0.92        3877.6     75     
57736     Missoula, MT                                                         82157         37070          117074956         45.20             620714          0.24        1817.5     75     
57925     Mobile, AL                                                          326183        142178          576933846        222.76            9972885          3.85        1464.3     75     
58006     Modesto, CA                                                         358172        124923          237964402         91.88             914405          0.35        3898.3     75     
58168     Monessen--California, PA                                             66086         32513          115818048         44.72            3542409          1.37        1477.9     75     
58330     Monroe, LA                                                          116533         49410          212228535         81.94            5008887          1.93        1422.1     75     
58357     Monroe, MI                                                           51240         22393           83138329         32.10            2475842          0.96        1596.3     75     
58600     Montgomery, AL                                                      263907        112998          397762819        153.58            3526025          1.36        1718.4     75     
59275     Morgantown, WV                                                       70350         32056           97111353         37.49            3299805          1.27        1876.3     75     
59410     Morristown, TN                                                       59036         25167          154988875         59.84             374414          0.14         986.5     75     
60490     Mount Vernon, WA                                                     62966         24662           89280199         34.47            3471245          1.34        1826.6     75     
60625     Muncie, IN                                                           90580         40634          120868107         46.67             706991          0.27        1941.0     75     
60733     Murfreesboro, TN                                                    133228         54281          200306623         77.34             422479          0.16        1722.7     75     
60799     Murrieta--Temecula--Menifee, CA                                     441546        151268          418862938        161.72            2198788          0.85        2730.2     75     
60841     Muskegon, MI                                                        161280         70880          290837096        112.29           13996332          5.40        1436.2     75     
60895     Myrtle Beach--Socastee, SC--NC                                      215304        171688          493060462        190.37            9357919          3.61        1131.0     75     
60976     Nampa, ID                                                           151499         55449          179733584         69.40             512439          0.20        2183.1     75     
61057     Napa, CA                                                             83913         32387           66872371         25.82             677391          0.26        3250.0     75     
61165     Nashua, NH--MA                                                      226400         91802          472097920        182.28            9254780          3.57        1242.1     75     
61273     Nashville-Davidson, TN                                              969587        415974         1459375591        563.47           41453364         16.01        1720.7     75     
61705     Newark, OH                                                           76068         34107          109100592         42.12             993373          0.38        1805.8     75     
61786     New Bedford, MA                                                     149443         64978          142709138         55.10           14485580          5.59        2712.2     75     
61840     New Bern, NC                                                         50503         23602          112434336         43.41            4730762          1.83        1163.4     75     
62407     New Haven, CT                                                       562839        239054          792818068        306.11           15838838          6.12        1838.7     75     
62677     New Orleans, LA                                                     899703        426562          651105206        251.39           44610589         17.22        3578.9     75     
63217     New York--Newark, NY--NJ--CT                                      18351295       7263095         8935981360       3450.20          533176599        205.86        5318.9     75     
63433     Norman, OK                                                          103898         45160          116231709         44.88            2095584          0.81        2315.2     75     
63838     North Port--Port Charlotte, FL                                      169541         97194          308063292        118.94           26929715         10.40        1425.4     75     
64135     Norwich--New London, CT--RI                                         209190         96682          393654664        151.99           37352284         14.42        1376.3     75     
64567     Ocala, FL                                                           156909         75984          290302900        112.09             514605          0.20        1399.9     75     
64864     Odessa, TX                                                          126405         49472          152640583         58.93             300126          0.12        2144.8     75     
64945     Ogden--Layton, UT                                                   546026        184349          563458377        217.55            1228208          0.47        2509.9     75     
65080     Oklahoma City, OK                                                   861505        376247         1063534320        410.63           20339095          7.85        2098.0     75     
65242     Olympia--Lacey, WA                                                  176617         77203          273453845        105.58           34763133         13.42        1672.8     75     
65269     Omaha, NE--IA                                                       725008        302208          702425101        271.21           12636230          4.88        2673.3     75     
65863     Orlando, FL                                                        1510516        648166         1548012602        597.69          142321970         54.95        2527.3     75     
66160     Oshkosh, WI                                                          74495         31552           79786869         30.81            2716813          1.05        2418.2     75     
66484     Owensboro, KY                                                        70543         31147           87585926         33.82             601971          0.23        2086.0     75     
66673     Oxnard, CA                                                          367260        119243          218554654         84.38            4341512          1.68        4352.2     75     
67105     Palm Bay--Melbourne, FL                                             452791        222477          600821070        231.98          130390065         50.34        1951.9     75     
67134     Palm Coast--Daytona Beach--Port Orange, FL                          349064        196509          464496045        179.34           29284415         11.31        1946.3     75     
67294     Panama City, FL                                                     143280         87385          238044652         91.91           19526345          7.54        1558.9     75     
67672     Parkersburg, WV--OH                                                  67229         32164          109771850         42.38            2764865          1.07        1586.2     75     
67807     Pascagoula, MS                                                       50428         22791          102402319         39.54            5634209          2.18        1275.4     75     
68482     Pensacola, FL--AL                                                   340067        157262          602495263        232.62           16058411          6.20        1461.9     75     
68509     Peoria, IL                                                          266921        118090          371693706        143.51           11090331          4.28        1859.9     75     
68887     Petaluma, CA                                                         64078         25355           55180733         21.31             221181          0.09        3007.6     75     
69076     Philadelphia, PA--NJ--DE--MD                                       5441567       2231613         5131721516       1981.37          127875865         49.37        2746.4     75     
69184     Phoenix--Mesa, AZ                                                  3629114       1575123         2969602180       1146.57           11690971          4.51        3165.2     75     
69454     Pine Bluff, AR                                                       53495         22629           96299959         37.18             415012          0.16        1438.7     75     
69697     Pittsburgh, PA                                                     1733853        822265         2344389921        905.17           42121620         16.26        1915.5     75     
69778     Pittsfield, MA                                                       59124         28511           86766391         33.50            4782300          1.85        1764.9     75     
70426     Pocatello, ID                                                        69809         27888           80312750         31.01             219445          0.08        2251.3     75     
70642     Ponce, PR                                                           149539         63117          114270222         44.12            1659094          0.64        3389.4     75     
70993     Port Arthur, TX                                                     153150         62724          273389576        105.56           12628895          4.88        1450.9     75     
71074     Porterville, CA                                                      70272         21173           53132104         20.51             288944          0.11        3425.5     75     
71155     Port Huron, MI                                                       87106         40788          156550616         60.44            1811915          0.70        1441.1     75     
71263     Portland, ME                                                        203914         98350          351999048        135.91           13978355          5.40        1500.4     75     
71317     Portland, OR--WA                                                   1849898        777016         1358145997        524.38           35061631         13.54        3527.8     75     
71479     Port St. Lucie, FL                                                  376047        190725          538965142        208.10           53083590         20.50        1807.1     75     
71506     Portsmouth, NH--ME                                                   88200         47590          240020714         92.67           12812446          4.95         951.7     75     
71749     Pottstown, PA                                                       107682         43607          204158561         78.83            1731461          0.67        1366.1     75     
71803     Poughkeepsie--Newburgh, NY--NJ                                      423566        158439          847299432        327.14           57679232         22.27        1294.7     75     
72112     Prescott Valley--Prescott, AZ                                        84744         43098          132047936         50.98                  0          0.00        1662.2     75     
72505     Providence, RI--MA                                                 1190956        516656         1411660749        545.05           85343906         32.95        2185.1     75     
72559     Provo--Orem, UT                                                     482819        138258          437635308        168.97             507853          0.20        2857.4     75     
72613     Pueblo, CO                                                          136550         59538          192206845         74.21            2205393          0.85        1840.0     75     
73153     Racine, WI                                                          133700         56766          127971275         49.41            1296154          0.50        2705.9     75     
73261     Raleigh, NC                                                         884891        365168         1341975559        518.14           12798133          4.94        1707.8     75     
73396     Rapid City, SD                                                       81251         35309          109435414         42.25             176785          0.07        1923.0     75     
73693     Reading, PA                                                         266254        107728          268950136        103.84            2929578          1.13        2564.0     75     
73774     Redding, CA                                                         117731         50181          184041834         71.06            3602920          1.39        1656.8     75     
74179     Reno, NV--CA                                                        392141        168328          425749210        164.38            1567778          0.61        2385.5     75     
74746     Richmond, VA                                                        953556        405840         1274710664        492.17           22584241          8.72        1937.5     75     
75340     Riverside--San Bernardino, CA                                      1932666        590206         1411456231        544.97            8563001          3.31        3546.4     75     
75421     Roanoke, VA                                                         210111         96367          321615840        124.18            1941232          0.75        1692.0     75     
75637     Rochester, MN                                                       107677         46090          131004305         50.58             311054          0.12        2128.8     75     
75664     Rochester, NY                                                       720572        313924          840370707        324.47           16962382          6.55        2220.8     75     
75718     Rockford, IL                                                        296863        124394          396304044        153.01            4779159          1.85        1940.1     75     
75745     Rock Hill, SC                                                       104996         44687          247650267         95.62            1441094          0.56        1098.1     75     
75988     Rocky Mount, NC                                                      68243         31027          119048629         45.96             291478          0.11        1484.7     75     
76204     Rome, GA                                                             60851         25666          123454432         47.67            1847261          0.71        1276.6     75     
76474     Round Lake Beach--McHenry--Grayslake, IL--WI                        290373        114191          395232476        152.60           48861633         18.87        1902.8     75     
77068     Sacramento, CA                                                     1723634        676840         1219827292        470.98           12813910          4.95        3659.7     75     
77149     Saginaw, MI                                                         126265         56761          184448895         71.22            2883990          1.11        1773.0     75     
77230     St. Augustine, FL                                                    69173         38793          111522906         43.06            9260823          3.58        1606.5     75     
77338     St. Cloud, MN                                                       110621         45299          130134021         50.25            3168473          1.22        2201.6     75     
77446     St. George, UT                                                       98370         40320          116272865         44.89             117028          0.05        2191.2     75     
77743     St. Joseph, MO--KS                                                   81176         35012          108380649         41.85             338070          0.13        1939.9     75     
77770     St. Louis, MO--IL                                                  2150706        956440         2392205874        923.64           29198581         11.27        2328.5     75     
78229     Salem, OR                                                           236632         92623          196635313         75.92            1001928          0.39        3116.8     75     
78310     Salinas, CA                                                         184809         53687          126771595         48.95             405991          0.16        3775.7     75     
78364     Salisbury, MD--DE                                                    98081         40463          183109755         70.70            5376520          2.08        1387.3     75     
78499     Salt Lake City--West Valley City, UT                               1021243        359700          719719000        277.89             543186          0.21        3675.1     75     
78553     San Angelo, TX                                                       92984         39444          120890423         46.68            2046854          0.79        1992.1     75     
78580     San Antonio, TX                                                    1758210        681843         1546484874        597.10           10226444          3.95        2944.6     75     
78661     San Diego, CA                                                      2956746       1112289         1896936256        732.41           73910863         28.54        4037.0     75     
78904     San Francisco--Oakland, CA                                         3281212       1338437         1356171095        523.62           24162411          9.33        6266.4     75     
78985     San Germán--Cabo Rojo--Sabana Grande, PR                            118199         56874          247298737         95.48            1648066          0.64        1237.9     75     
79039     San Jose, CA                                                       1664496        593475          740693828        285.98            1122773          0.43        5820.3     75     
79093     San Juan, PR                                                       2148346        931029         2244716395        866.69           24716022          9.54        2478.8     75     
79147     San Luis Obispo, CA                                                  59219         21269           52871483         20.41              31079          0.01        2900.9     75     
79201     San Marcos, TX                                                       52826         20359           68852833         26.58             476965          0.18        1987.1     75     
79282     Santa Barbara, CA                                                   195861         76684          144647994         55.85             891426          0.34        3507.0     75     
79309     Santa Clarita, CA                                                   258653         86471          198729334         76.73             185800          0.07        3371.0     75     
79336     Santa Cruz, CA                                                      163703         71480          151130218         58.35             426250          0.16        2805.5     75     
79363     Santa Fe, NM                                                         89284         44652          137492829         53.09             433534          0.17        1681.9     75     
79417     Santa Maria, CA                                                     130447         39821           75438971         29.13             204075          0.08        4478.5     75     
79498     Santa Rosa, CA                                                      308231        122312          253792769         97.99             596857          0.23        3145.5     75     
79606     Sarasota--Bradenton, FL                                             643260        380647          846114192        326.69          105908583         40.89        1969.0     75     
79633     Saratoga Springs, NY                                                 64100         28930          117800657         45.48            1653629          0.64        1409.3     75     
79768     Savannah, GA                                                        260677        114289          428626255        165.49           14710552          5.68        1575.1     75     
80227     Scranton, PA                                                        381502        175920          442332402        170.79            8084220          3.12        2233.8     75     
80362     Seaside--Monterey, CA                                               114237         51292          100217840         38.69             605116          0.23        2952.3     75     
80389     Seattle, WA                                                        3059393       1309501         2616697301       1010.31          173839079         67.12        3028.2     75     
80400     Sebastian--Vero Beach South--Florida Ridge, FL                      149422         87601          250327416         96.65           25871586          9.99        1546.0     75     
80416     Sebring--Avon Park, FL                                               61625         33936          119581009         46.17           10043851          3.88        1334.7     75     
81118     Sheboygan, WI                                                        71313         32081           86596291         33.44            1018428          0.39        2132.9     75     
81631     Sherman, TX                                                          61900         27041           93053643         35.93             481885          0.19        1722.9     75     
81739     Shreveport, LA                                                      298317        129646          479745451        185.23            6704720          2.59        1610.5     75     
81901     Sierra Vista, AZ                                                     52745         22533           78423935         30.28              50937          0.02        1741.9     75     
82144     Simi Valley, CA                                                     125206         42896           81407696         31.43            1899735          0.73        3983.4     75     
82225     Sioux City, IA--NE--SD                                              106494         42096          140818781         54.37            2032912          0.78        1958.7     75     
82252     Sioux Falls, SD                                                     156777         67365          166203165         64.17            1222271          0.47        2443.1     75     
82468     Slidell, LA                                                          91151         36969          151785576         58.60            5425895          2.09        1555.4     75     
83116     South Bend, IN--MI                                                  278165        121210          417195945        161.08            8408882          3.25        1726.9     75     
83332     South Lyon--Howell, MI                                              119509         51131          266214195        102.79           24178017          9.34        1162.7     75     
83548     Spartanburg, SC                                                     180786         78962          492179513        190.03            7837873          3.03         951.3     75     
83764     Spokane, WA                                                         387847        167877          425287244        164.20            5149716          1.99        2362.0     75     
83899     Springfield, IL                                                     161316         75004          239148873         92.34            6319759          2.44        1747.1     75     
83926     Springfield, MA--CT                                                 621300        250699          902757017        348.56           26890068         10.38        1782.5     75     
83953     Springfield, MO                                                     273724        124529          368568325        142.31            1621632          0.63        1923.5     75     
83980     Springfield, OH                                                      85256         39208          126814404         48.96             339648          0.13        1741.2     75     
84024     Spring Hill, FL                                                     148220         71564          297790447        114.98           10513173          4.06        1289.1     75     
84493     State College, PA                                                    87454         32177           74657391         28.83                  0          0.00        3033.9     75     
84630     Staunton--Waynesboro, VA                                             56611         26187           98771608         38.14             476340          0.18        1484.5     75     
85087     Stockton, CA                                                        370583        125027          239632615         92.52            4315919          1.67        4005.3     75     
85708     Sumter, SC                                                           73107         31492          170128090         65.69            1236648          0.48        1113.0     75     
86302     Syracuse, NY                                                        412317        178976          504876354        194.93           17319555          6.69        2115.2     75     
86464     Tallahassee, FL                                                     240223        108924          327624728        126.50           10836543          4.18        1899.0     75     
86599     Tampa--St. Petersburg, FL                                          2441770       1187285         2478587543        956.99          211394181         81.62        2551.5     75     
87058     Temple, TX                                                           90390         37507          140128424         54.10             504854          0.19        1670.7     75     
87139     Terre Haute, IN                                                      92742         39770          138434878         53.45             907660          0.35        1735.1     75     
87193     Texarkana--Texarkana, TX--AR                                         78162         33663          166807820         64.40             757394          0.29        1213.6     75     
87220     Texas City, TX                                                      106383         44706          196857613         76.01            3393013          1.31        1399.6     75     
87490     Thousand Oaks, CA                                                   214811         78270          221766341         85.62             934283          0.36        2508.8     75     
87787     Titusville, FL                                                       54386         27653           77878653         30.07             296280          0.11        1808.7     75     
87868     Toledo, OH--MI                                                      507643        231383          622736691        240.44           16491448          6.37        2111.3     75     
88084     Topeka, KS                                                          150003         68153          206127818         79.59            3381640          1.31        1884.8     75     
88273     Tracy, CA                                                            87569         27534           57643799         22.26             132934          0.05        3934.6     75     
88462     Trenton, NJ                                                         296668        116721          273396466        105.56            3494611          1.35        2810.4     75     
88732     Tucson, AZ                                                          843168        375658          915465491        353.46            2164854          0.84        2385.4     75     
88948     Tulsa, OK                                                           655479        288404          870011206        335.91            9220451          3.56        1951.3     75     
89083     Turlock, CA                                                          99904         33244           66795061         25.79                  0          0.00        3873.8     75     
89110     Tuscaloosa, AL                                                      139114         61509          231842934         89.52            4272196          1.65        1554.1     75     
89263     Twin Rivers--Hightstown, NJ                                          64037         24317           91266061         35.24             826382          0.32        1817.3     75     
89326     Tyler, TX                                                           130247         54087          233729730         90.24            2342410          0.90        1443.3     75     
89650     Uniontown--Connellsville, PA                                         51370         23947          100552791         38.82             497700          0.19        1323.2     75     
89770     Urban Honolulu, HI                                                  802459        288351          440739747        170.17           12600112          4.86        4715.6     75     
89785     Utica, NY                                                           117328         51480          161588817         62.39            1578374          0.61        1880.6     75     
89866     Vacaville, CA                                                        93141         33141           70989514         27.41             120658          0.05        3398.2     75     
89974     Valdosta, GA                                                         77085         30713          144297681         55.71            1997739          0.77        1383.6     75     
90028     Vallejo, CA                                                         165074         62788          108808038         42.01            2767821          1.07        3929.3     75     
90514     Victoria, TX                                                         63683         25854           75168848         29.02             125669          0.05        2194.2     75     
90541     Victorville--Hesperia, CA                                           328454        108654          432083781        166.83            2783559          1.07        1968.8     75     
90658     Villas, NJ                                                           51291         47272           87740842         33.88            1255087          0.48        1514.0     75     
90730     Vineland, NJ                                                         95259         36673          160320435         61.90             923304          0.36        1538.9     75     
90892     Virginia Beach, VA                                                 1439666        581573         1334999348        515.45          189979138         73.35        2793.0     75     
90946     Visalia, CA                                                         219454         73650          164291961         63.43              39512          0.02        3459.6     75     
91027     Waco, TX                                                            172378         70081          233750303         90.25            1594494          0.62        1910.0     75     
91261     Waldorf, MD                                                         109919         40731          176050965         67.97             656188          0.25        1617.1     75     
91405     Walla Walla, WA--OR                                                  55805         22237           71659154         27.67              86346          0.03        2017.0     75     
91783     Warner Robins, GA                                                   133109         55783          260588564        100.61            2391169          0.92        1323.0     75     
92242     Washington, DC--VA--MD                                             4586770       1829546         3423261150       1321.73           70051124         27.05        3470.3     75     
92485     Waterbury, CT                                                       194535         81550          233763613         90.26            3911275          1.51        2155.4     75     
92593     Waterloo, IA                                                        113418         48511          161179329         62.23            4994464          1.93        1822.5     75     
92674     Watertown, NY                                                        57840         23133          106040717         40.94            2978979          1.15        1412.7     75     
92890     Watsonville, CA                                                      73534         19897           59155386         22.84             939553          0.36        3219.5     75     
93025     Wausau, WI                                                           74632         33318          121387810         46.87            8483189          3.28        1592.4     75     
93592     Weirton--Steubenville, WV--OH--PA                                    70889         33919          130810153         50.51            6133884          2.37        1403.6     75     
93862     Wenatchee, WA                                                        67227         26689           81256350         31.37            4989001          1.93        2142.8     75     
93916     West Bend, WI                                                        68444         29671           99682522         38.49            1490650          0.58        1778.3     75     
94294     Westminster--Eldersburg, MD                                          72714         27271          149446807         57.70             955675          0.37        1260.2     75     
94726     Wheeling, WV--OH                                                     81249         40380          121753200         47.01            8476376          3.27        1728.4     75     
95077     Wichita, KS                                                         472870        202022          556175274        214.74           12278337          4.74        2202.1     75     
95104     Wichita Falls, TX                                                    99437         42916          130438073         50.36            3639201          1.41        1974.4     75     
95411     Williamsburg, VA                                                     75689         33506          144832277         55.92            2025296          0.78        1353.5     75     
95455     Williamsport, PA                                                     56142         25270           68629691         26.50            2269210          0.88        2118.7     75     
95833     Wilmington, NC                                                      219957        108971          346461640        133.77            8088688          3.12        1644.3     75     
96103     Winchester, VA                                                       69449         28591           96304695         37.18             342094          0.13        1867.7     75     
96670     Winston-Salem, NC                                                   391024        174669          835485857        322.58            6576417          2.54        1212.2     75     
96697     Winter Haven, FL                                                    201289         94666          348003481        134.36           80355472         31.03        1498.1     75     
96994     Woodland, CA                                                         55513         19817           31593905         12.20                  0          0.00        4550.8     75     
97291     Worcester, MA--CT                                                   486514        201663          787645247        304.11           33522645         12.94        1599.8     75     
97507     Yakima, WA                                                          129534         49379          154959204         59.83             542767          0.21        2165.0     75     
97561     Yauco, PR                                                            90899         38358          120576522         46.55             104959          0.04        1952.5     75     
97750     York, PA                                                            232045         95573          342425738        132.21            1163474          0.45        1755.1     75     
97831     Youngstown, OH--PA                                                  387550        184476          624418937        241.09            4886636          1.89        1607.5     75     
97939     Yuba City, CA                                                       116719         42057          100123895         38.66             977885          0.38        3019.3     75     
98020     Yuma, AZ--CA                                                        135267         68224          152330995         58.82             579067          0.22        2299.9     75     
98182     Zephyrhills, FL                                                      66609         37667          112650971         43.49            1590813          0.61        1531.4     75     
